0 0.089
1 0.009
2 0.026
3 0.012
4 0.010
5 0.009
6 0.008
7 0.007
8 0.007
9 0.009
10 0.011
11 0.011
12 0.010
13 0.012
14 0.046
15 0.032
16 0.024
17 0.037
18 0.025
19 0.033
20 0.034
21 0.034
22 0.019
23 0.010
24 0.006
25 0.003
26 0.006
27 0.005
28 0.007
29 0.008
30 0.013
31 0.074
32 0.025
33 0.002
34 0.002
35 0.002
36 0.028
37 2.823
38 3.146
39 2.197
40 1.244
41 0.322
42 0.177
43 0.117
44 0.076
45 0.100
46 0.028
47 0.009
48 0.009
49 0.009
50 0.096
51 0.018
52 0.044
53 0.021
54 0.011
55 0.012
56 0.016
57 0.017
58 0.016
59 0.017
60 0.007
61 0.078
62 0.006
63 0.000
64 0.001
65 0.020
66 0.001
67 85.043
68 0.745
69 1.774
70 2.238
71 1.138
72 1.888
73 0.625
74 0.494
75 0.204
76 0.024
77 0.002
78 0.002
79 0.004
80 0.001
81 6.244
82 3.634
83 2.925
84 0.000
85 8.326
86 0.000
87 1.238
88 4.725
89 9.788
90 1.103
91 0.000
92 4.613
93 0.007
94 0.007
95 0.053
96 0.008
97 0.008
98 0.008
99 0.007
100 0.007
101 0.007
102 0.007
103 0.007
104 0.007
105 0.007
106 0.008
107 0.008
108 0.007
109 0.007
110 0.006
111 0.006
112 0.165
113 0.034
114 0.039
115 0.019
116 0.007
117 0.002
118 0.004
119 3.904
120 1.496
121 5.175
122 1.013
123 1.305
124 3.825
125 0.020
126 0.000
127 6.154
128 0.027
129 0.014
130 8.780
131 3.085
132 3.788
133 2.283
134 0.700
135 0.248
136 0.158
137 0.134
138 0.048
139 0.004
140 0.001
141 0.002
142 3.465
143 3.038
144 0.006
145 0.008
146 0.007
147 0.007
148 0.007
149 0.006
150 0.004
151 0.005
152 0.003
153 0.004
154 0.004
155 0.005
156 0.007
157 0.011
158 0.030
159 0.014
160 0.003
161 0.000
162 0.000
163 0.057
164 0.005
165 0.002
166 0.021
167 8.584
168 0.001
169 0.021
170 27.585
171 4.972
172 0.006
173 17.042
174 39.411
175 0.018
176 12.375
177 0.235
178 0.125
179 0.195
180 0.026
181 0.023
182 0.016
183 0.015
184 0.014
185 0.012
186 0.012
187 0.011
188 0.011
189 0.011
190 0.020
191 0.016
192 0.014
193 0.015
194 0.016
195 0.016
196 0.013
197 0.011
198 0.059
199 0.025
200 0.033
201 0.020
202 0.016
203 0.007
204 0.005
205 0.002
206 0.001
207 0.002
208 0.000
209 0.000
210 6.739
211 0.000
212 0.000
213 0.000
214 0.000
215 0.000
216 0.000
217 0.000
218 0.000
219 0.000
220 0.000
221 0.000
222 0.000
223 0.000
224 0.000
225 0.000
226 0.000
227 0.000
228 0.000
229 0.000
230 0.000
231 0.008