0
0.0166667
0.0333333
0.05
0.0666667
0.0833333
0.1
0.116667
0.2
0.216667
0.233333
0.25
0.266667
0.283333
0.316667
0.333333
0.35
0.366667
0.383333
0.4
0.416667
0.433333
0.45
0.466667
0.483333
0.5
0.516667
0.533333
0.566667
0.583333
0.6
0.616667
0.633333
0.65
0.666667
0.683333
0.7
0.716667
0.733333
0.75
0.766667
0.783333
0.8
0.816667
0.833333
0.85
0.866667
0.883333
0.9
0.916667
0.933333
0.95
0.966667
1
1.016667
1.033333
1.05
1.216667
1.233333
1.25
1.266667
1.283333
1.3
1.316667
1.333333
1.35
1.366667
1.383333
1.4
1.416667
1.433333
1.45
1.466667
1.916667
1.933333
1.95
1.966667
1.983333
2
2.016667
2.033333
2.05
2.066667
2.083333
2.1
2.116667
2.15
2.166667
2.183333
2.2
2.216667
2.233333
2.25
2.266667
2.283333
2.3
2.316667
2.333333
2.35
2.366667
2.383333
2.4
2.416667
2.433333
2.45
2.466667
2.5
2.516667
2.533333
2.55
2.566667
2.583333
2.6
2.616667
2.633333
2.65
2.666667
2.683333
2.7
2.716667
2.733333
2.75
2.766667
2.783333
2.8
2.833333
2.85
2.866667
2.883333
3.05
3.066667
3.083333
3.1
3.116667
3.133333
3.15
3.166667
3.183333
3.2
3.216667
3.25
3.266667
3.283333
3.3
3.316667
3.333333
3.35
3.366667
3.383333
3.4
3.416667
3.433333
3.45
3.466667
3.483333
3.5
3.533333
3.55
3.566667
3.583333
3.6
3.616667
3.633333
3.65
3.666667
3.683333
3.7
3.716667
3.733333
3.75
3.766667
3.783333
3.8
3.816667
3.85
3.866667
3.883333
3.9
3.916667
3.933333
3.95
3.966667
3.983333
4.016667
4.033333
4.05
4.066667
4.083333
4.1
4.116667
4.133333
4.15
4.166667
4.183333
4.2
4.216667
4.233333
4.25
4.266667
4.283333
4.3
4.316667
4.333333
4.366667
4.383333
4.4
4.416667
4.433333
4.45
4.466667
4.483333
4.5
4.516667
4.533333
4.55
4.566667
4.583333
4.6
4.616667
4.633333
4.65
4.666667
4.683333
4.7
4.716667
4.75
4.766667
4.783333
4.8
4.816667
4.833333
4.85
4.866667
4.883333
4.9
4.916667
4.933333
4.95
4.966667
4.983333
5
5.016667
5.033333
5.05
5.066667
5.083333
5.1
5.116667
5.133333
5.15
5.166667
5.183333
5.2
5.233333
5.25
5.266667
5.283333
5.3
5.316667
5.433333
5.533333
5.583333
5.6
5.616667
5.65
5.666667
5.683333
5.7
5.733333
5.75
5.866667
6.383333
6.516667
6.533333
6.55
6.566667
6.583333
6.6
6.616667
6.633333
6.65
6.666667
6.7
6.716667
6.733333
6.75
6.766667
6.783333
6.8
6.85
6.866667
6.883333
6.9
6.916667
6.933333
6.95
6.966667
6.983333
7.083333
7.116667
7.133333
7.15
7.166667
7.183333
7.2
7.216667
7.266667
7.283333
7.316667
7.333333
7.35
7.366667
7.383333
7.4
7.416667
7.433333
7.45
7.466667
7.483333
7.5
7.533333
7.55
7.566667
7.583333
7.6
7.616667
7.633333
7.65
7.666667
7.683333
7.7
7.883333
7.933333
7.95
7.966667
7.983333
8
8.016667
8.033333
8.05
8.066667
8.083333
8.1
8.116667
8.133333
8.15
8.166667
8.2
8.216667
8.233333
8.25
8.266667
8.283333
8.3
8.316667
8.333333
8.35
8.366667
8.383333
8.4
8.416667
8.433333
8.45
8.466667
8.483333
8.5
8.516667
8.533333
8.55
8.566667
8.583333
8.616667
8.633333
8.65
8.666667
8.683333
8.7
8.716667
8.733333
8.75
8.766667
8.783333
8.8
8.816667
8.883333
9.033333
9.116667
9.133333
9.266667
9.283333
9.3
9.316667
9.333333
9.35
9.366667
9.383333
9.416667
9.433333
9.45
9.466667
9.483333
9.5
9.516667
9.533333
9.55
9.566667
9.583333
9.6
9.616667
9.633333
9.65
9.666667
9.683333
9.7
9.716667
9.733333
9.75
9.783333
9.8
9.816667
9.833333
9.85
9.866667
9.883333
9.9
9.916667
9.933333
9.95
9.966667
9.983333
10.016667
10.033333
10.05
10.25
10.266667
10.283333
10.3
10.316667
10.333333
10.35
10.366667
10.4
10.416667
10.433333
10.45
10.466667
10.483333
10.5
10.516667
10.533333
10.55
10.6
10.616667
10.883333
10.933333
10.95
10.966667
10.983333
11
11.016667
11.033333
11.05
11.083333
11.1
11.116667
11.133333
11.15
11.166667
11.183333
11.2
11.216667
11.233333
11.25
11.266667
11.283333
11.3
11.333333
11.35
11.366667
11.383333
11.4
11.416667
11.433333
11.45
11.466667
11.483333
11.5
11.516667
11.533333
11.55
11.583333
11.6
11.616667
11.633333
11.65
11.666667
11.683333
11.7
11.716667
11.733333
11.75
11.766667
11.783333
11.8
11.833333
11.85
11.866667
11.883333
11.9
11.916667
11.933333
11.95
12.25
12.266667
12.283333
12.3
12.316667
12.333333
12.35
12.366667
12.383333
12.4
12.416667
12.433333
12.45
12.466667
12.5
12.516667
12.533333
12.55
12.6
12.616667
12.633333
12.65
12.666667
12.683333
12.7
12.716667
12.733333
12.75
12.766667
12.783333
12.883333
13.383333
13.45
13.466667
13.483333
13.5
13.516667
13.533333
13.566667
13.583333
13.6
13.616667
13.633333
13.65
13.666667
13.683333
13.7
13.716667
13.733333
13.766667
13.783333
13.8
13.816667
13.833333
13.85
13.866667
13.883333
13.9
13.916667
13.933333
13.95
13.966667
13.983333
14
14.016667
14.033333
14.066667
14.083333
14.1
14.116667
14.133333
14.15
14.166667
14.183333
14.2
14.216667
14.233333
14.25
14.266667
14.283333
14.3
14.316667
14.333333
14.366667
14.383333
14.4
14.416667
14.433333
14.45
14.466667
14.483333
14.5
14.516667
14.533333
14.55
14.566667
14.583333
14.6
14.616667
14.633333
14.65
14.683333
14.7
14.716667
14.733333
14.75
14.766667
14.783333
14.8
14.816667
14.833333
14.85
14.866667
14.883333
14.9
14.916667
14.933333
14.95
14.966667
14.983333
15.016667
15.033333
15.05
15.083333
15.1
15.116667
15.133333
15.15
15.166667
15.183333
15.2
15.216667
15.233333
15.25
15.266667
15.283333
15.3
15.316667
15.35
15.366667
15.383333
15.4
15.416667
15.433333
15.45
15.466667
15.483333
15.5
15.516667
15.533333
15.55
15.566667
15.583333
15.6
15.616667
15.633333
15.65
15.666667
15.683333
15.716667
15.733333
15.75
15.766667
15.783333
15.8
15.816667
15.833333
15.85
15.866667
15.883333
15.9
15.916667
15.933333
15.95
15.966667
15.983333
16
16.033333
16.05
16.066667
16.083333
16.1
16.383333
16.883333
17
17.016667
17.033333
17.05
17.066667
17.083333
17.1
17.116667
17.133333
17.15
17.183333
17.2
17.383333
17.866667
17.883333
