1 0.562553
2 0.213415
3 0.392867
4 0.171937
5 0.0621501
6 0.0390705
7 0.0229003
8 0.019832
9 0.0158231
10 0.0141545
11 0.0168645
12 0.0148824
13 0.0156999
14 0.0142777
15 0.0131355
16 0.0150616
17 0.0175588
18 0.0178835
19 0.017402
20 0.0155095
21 0.0100336
22 0.0182083
23 0.0176372
24 0.0171445
25 0.0148152
26 0.0150392
27 0.0155879
28 0.014692
29 0.0148152
30 0.479787
31 0.106842
32 0.339765
33 0.160235
34 0.338891
35 0.217727
36 0.197996
37 0.361534
38 0.279765
39 0.352027
40 0.346674
41 0.414726
42 0.417133
43 0.474412
44 0.460873
45 0.532856
46 0.300291
47 0.767055
48 0.586786
49 0.628735
50 0.651433
51 0.641467
52 0.557648
53 0.58561
54 0.543807
55 0.93626
56 1.36991
57 0.884692
58 1.62632
59 2.12665
60 1.39915
61 0.88505
62 0.685946
63 0.383819
64 0.421489
65 0.268522
66 0.242542
67 0.129765
68 0.222206
69 0.126853
70 0.0859239
71 0.0281747
72 0.0241769
73 0.0207391
74 0.0195969
75 0.0194625
76 0.0345913
77 0.0139082
78 0.0143225
79 0.0123852
80 0.0119709
81 0.0117805
82 0.0140314
83 0.0145017
84 0.0128443
85 0.012206
86 0.0145689
87 0.0154871
88 0.0140761
89 0.353695
90 0.071355
91 0.0385666
92 0.0305151
93 0.0176484
94 0.0286114
95 0.0190705
96 0.0169541
97 0.0148264
98 0.0161814
99 0.0191377
100 0.0169429
101 0.0166405
102 0.0113214
103 0.0187458
104 0.0155319
105 0.0150056
106 0.0163942
107 0.0157447
108 0.0156887
109 0.0149608
110 0.013561
111 0.0467861
112 0.071411
113 0.100504
114 0.124961
115 0.166663
116 0.190963
117 0.222083
118 0.218779
119 0.540918
120 0.326081
121 0.352822
