0 0.229
1 0.141
2 0.167
3 0.103
4 0.070
5 0.065
6 0.108
7 0.362
8 0.190
9 0.102
10 0.075
11 0.077
12 0.052
13 0.031
14 0.286
15 0.101
16 0.051
17 0.179
18 0.281
19 0.148
20 0.123
21 0.112
22 0.109
23 0.111
24 0.101
25 0.082
26 0.283
27 0.161
28 0.072
29 0.207
30 0.072
31 0.060
32 0.096
33 0.206
34 0.277
35 0.093
36 0.072
37 0.033
38 0.001
39 0.001
40 0.000
41 0.141
42 0.003
43 0.004
44 0.805
45 0.008
46 0.006
47 0.006
48 0.007
49 0.005
50 0.013
51 0.009
52 0.007
53 0.014
54 0.006
55 0.012
56 0.008
57 0.008
58 0.009
59 0.010
60 0.011
61 0.010
62 0.102
63 0.009
64 0.017
65 0.025
66 0.088
67 0.099
68 0.070
69 0.089
70 0.047
71 0.012
72 0.009
73 0.009
74 0.009
75 0.009
76 0.009
77 0.009
78 0.008
79 0.006
80 0.041
81 0.006
82 0.009
83 0.007
84 0.006
85 0.004
86 0.007
87 0.005
88 0.005
89 0.004
90 0.007
91 0.004
92 0.006
93 0.005
94 0.076
95 0.006
96 0.007
97 0.006
98 0.006
99 0.005
100 0.004
101 0.007
102 0.004
103 0.007
104 0.006
105 0.006
106 0.005
107 0.005
108 0.005
109 0.005
110 0.005
111 0.005
112 0.005
113 0.005
114 0.005
115 0.005
116 0.007
117 1.592
118 15.928
119 13.850
120 5.126
121 2.575
122 1.484
123 0.990
124 0.463
125 0.330
126 0.069
127 0.001
128 0.000
129 0.000
130 0.000
131 0.000
132 0.000
133 0.000
134 0.000
135 0.000
136 0.000
137 0.000
138 0.000
139 0.000
140 0.000
141 0.000
142 0.000
143 0.000
144 0.000
145 0.034
146 0.054
147 0.069
148 0.090
149 0.162
150 0.086
151 0.030
152 0.041
153 0.066
154 0.082
155 0.068
156 0.097
157 0.104
158 0.000
159 0.058
160 0.007
161 0.013
162 0.007
163 0.006
164 0.002
165 2.368
166 0.000
167 0.000
168 0.000
169 0.000
170 0.000
171 0.120
172 0.000
173 0.000
174 0.000
175 0.000
176 0.000
177 0.000
178 0.000
179 0.000
180 0.000
181 0.000
182 0.000
183 0.000
184 0.000
185 0.000
186 0.000
187 0.000
188 0.000
189 0.000
190 0.000
191 0.000
192 0.000
193 0.000
194 0.000
195 0.000
196 0.000
197 0.000
198 0.000
199 0.000
200 0.000